-0.33
-0.82
0.809999999999995
1.08000000000001
-0.600000000000001
0.579999999999998
-0.0799999999999983
-1.22
0.0700000000000003
-0.130000000000003
-0.869999999999997
0.359999999999999
0.169999999999995
-0.469999999999999
0.420000000000002
-0.799999999999997
-0.270000000000003
-0.229999999999997
-0.630000000000003
-0.109999999999999
0.170000000000002
-0.82
0.530000000000001
-0.0700000000000003
0.189999999999998
0.469999999999999
-0.899999999999999
0.100000000000001
0.119999999999997
-0.170000000000002
0.620000000000005
0.0499999999999972
0.490000000000002
-0.620000000000005
1
-1.22
-1.43
-0.670000000000002
-0.0899999999999963
1
0.140000000000001
0.68
0.32
0.159999999999997
0.310000000000002
-0.579999999999998
0.659999999999997
-0.0799999999999983
-0.789999999999999
-0.380000000000003
-0.420000000000002
-1.32
0.0900000000000034
-0.84
-0.539999999999999
0.119999999999997
0.630000000000003
-0.510000000000002
0.5
-0.0300000000000011
0.360000000000003
-0.620000000000001
0.329999999999998
0.260000000000002
0.41
0.839999999999996
-0.0699999999999932
-0.730000000000004
-0.0499999999999972
-0.0800000000000054
0.0700000000000003
-0.029999999999994
-0.540000000000003
-0.25
0.639999999999997
0.670000000000002
0.810000000000002
0.219999999999999
0.600000000000001
-0.440000000000005
0.350000000000001
-0.18
-0.710000000000001
0.150000000000006
0.769999999999996
0.109999999999999
0.550000000000004
0.0700000000000003
0.449999999999996
-0.789999999999999
0.460000000000001
-0.590000000000003
0.109999999999999
0.740000000000002
-1.43
-0.109999999999999
1.37
0.480000000000004
0.670000000000002
0.729999999999997
-0.479999999999997
-1.37
0.810000000000002
-0.480000000000004
0.660000000000004
-0.359999999999999
-0.530000000000001
0.700000000000003
0.449999999999996
1.6
-0.5
0.189999999999998
-0.019999999999996
0.0499999999999972
-0.159999999999997
-0.490000000000002
0.0399999999999991
-0.630000000000003
0
0.110000000000007
0.309999999999995
1.21
-0.0300000000000011
-0.169999999999995
-0.0700000000000003
0.289999999999999
-1.26000000000001
0.0300000000000011
1.76000000000001
0.18
0.119999999999997
-1.14
-0.380000000000003
0.5
-0.309999999999995
-0.200000000000003
-1.21
0.0500000000000043
-0.300000000000004
1.04
-0.239999999999995
-0.210000000000001
0.890000000000001
0.169999999999995
-0.00999999999999801
-1.13
0.370000000000005
0.109999999999999
-0.789999999999999
1.31
0.310000000000002
-0.229999999999997
-0.82
-0.730000000000004
0.260000000000005
-0.270000000000003
-1.09
0.109999999999999
-0.240000000000002
0.740000000000002
-1.21
0.149999999999999
0.659999999999997
-0.779999999999994
0.439999999999998
0
-0.730000000000004
-0.209999999999994
0.149999999999999
0.609999999999999
0.18
0
-0.0500000000000043
0.120000000000005
-1.12
0.0900000000000034
-1.2
-0.979999999999997
0.759999999999998
0.460000000000001
-0.57
0.789999999999999
0
0.200000000000003
-0.670000000000002
0.109999999999999
0.300000000000004
-1.33
-0.790000000000003
-0.59
-0.109999999999999
-0.739999999999998
-0.18
0.379999999999999
-0.829999999999998
-0.5
-0.0500000000000007
0.84
-0.129999999999999
0.199999999999999
-0.960000000000001
0.219999999999999
-0.0199999999999996
-0.5
0.370000000000001
-0.140000000000001
-0.0899999999999999
-0.760000000000002
0.0600000000000023
-0.129999999999999
-0.270000000000003
-1.45
0.32
0.780000000000001
1.11
1.24
1.27
0.379999999999999
-0.310000000000002
-0.789999999999999
0.300000000000001
-1.79
-0.0199999999999996
1.07
-1.13
1.26
-1.28
1.08
1.06
0.41
-0.32
-0.0799999999999983
-0.150000000000002
-0.0300000000000011
2.52
0.619999999999997
0.719999999999999
0.359999999999999
2.1
-1.05
0.129999999999995
-0.57
-0.799999999999997
-0.140000000000001
-1.43
-0.869999999999997
0.399999999999999
0.310000000000002
0.0899999999999963
-0.369999999999997
-0.450000000000003
0.75
-0.0799999999999983
0.670000000000002
-0.480000000000004
-0.639999999999997
-0.68
0.359999999999999
0.929999999999996
-1.82
-0.100000000000001
-0.449999999999999
0.170000000000002
-0.850000000000001
-0.879999999999999
-0.52
-0.0800000000000019
-0.18
-0.75
-0.0500000000000007
0.130000000000003
-0.0200000000000031
-0.319999999999997
-1.09
0.729999999999997
-0.219999999999999
0.399999999999999
-0.159999999999997
-0.270000000000003
-0.889999999999997
2.09
0.57
0.849999999999998
-0.27
-0.120000000000001
0.420000000000002
-1.51
-0.52
1.07
-0.77
-0.120000000000001
0.390000000000001
-0.27
0.5
0.530000000000001
-3.93
0.219999999999999
0.609999999999999
0.0799999999999983
-0.349999999999998
-0.490000000000002
0.16
-0.559999999999999
-0.27
-0.100000000000001
-1.22
-0.210000000000001
0.199999999999999
0.640000000000001
-0.359999999999999
-0.0999999999999979
-1.14
-0.400000000000002
0.630000000000003
-0.680000000000003
0.0200000000000031
0.82
0.25
0.279999999999998
-0.129999999999999
-0.390000000000001
-0.18
0.539999999999999
0.130000000000003
-0.400000000000002
-0.0999999999999979
0.209999999999997
0.57
0.800000000000001
-0.25
0.0500000000000007
0.23
-0.0800000000000019
0.560000000000002
0.169999999999998
-0.489999999999998
0.0199999999999996
-0.210000000000001
-0.199999999999999
-0.57
0.27
0.600000000000001
0.139999999999997
-0.439999999999998
0.0399999999999991
0.43
0.559999999999999
-0.529999999999998
0.0399999999999991
0.100000000000001
0.139999999999997
0.23
-0.00999999999999801
0.140000000000001
0.209999999999997
0.470000000000002
-0.810000000000002
0.23
-0.460000000000001
-0.209999999999997
-0.170000000000002
-0.75
-0.189999999999998
-0.0400000000000027
0.0199999999999996
-0.34
0.240000000000002
-0.550000000000001
-0.539999999999999
-0.240000000000002
-0.119999999999997
-0.580000000000002
-0.00999999999999801
0.77
0.369999999999997
-0.0999999999999979
-0.810000000000002
0.200000000000003
0.609999999999999
0.0300000000000011
0.149999999999999
-0.32
0.5
0.350000000000001
-0.600000000000001
0.0399999999999991
-0.52
-0.129999999999999
-1.15
-0.399999999999999
0.300000000000001
-0.640000000000001
1.18
0.640000000000001
0.829999999999998
-0.389999999999997
-0.950000000000003
0.310000000000002
0.550000000000001
0.319999999999997
0.530000000000001
-0.300000000000001
0.25
-0.119999999999997
0.00999999999999801
-0.32
-0.0299999999999976
-0.930000000000003
-0.319999999999997
-0.0600000000000023
0.690000000000001
0.52
-0.23
-0.0599999999999987
-0.0199999999999996
-0.380000000000003
0.43
0.300000000000001
0.129999999999999
-0.199999999999999
-1.98
0.0700000000000003
0.420000000000002
-0.27
-0.670000000000002
-0.75
-0.509999999999998
0.399999999999999
-0.550000000000001
0.720000000000002
0.0499999999999972
0.600000000000001
-0.620000000000001
0.330000000000002
0.169999999999998
-0.789999999999999
-0.0899999999999999
-0.59
0.0899999999999999
-0.109999999999999
-0.0800000000000019
0.280000000000001
0.27
-0.329999999999998
-0.0199999999999996
-0.640000000000001
0.309999999999999
-0.399999999999999
-0.52
0.0299999999999976
-0.169999999999998
0
-0.120000000000001
0.5
-0.42
0.0200000000000013
-0.360000000000001
-0.710000000000001
-0.0499999999999989
-0.120000000000001
0.16
-0.48
0.0500000000000007
-0.0600000000000005
0.290000000000001
0.18
0.48
0.34
-0.17
-0.16
0.379999999999999
0.500000000000002
0.119999999999997
0.200000000000003
-0.540000000000003
-0.44
-0.0999999999999996
-0.57
0.360000000000001
0.619999999999999
0.25
-0.0799999999999983
-0.0100000000000016
0.190000000000001
1.37
-0.0999999999999979
0.0899999999999999
-0.289999999999999
-0.18
-0.350000000000001
-0.469999999999999
-0.240000000000002
0.34
-0.77
0
0.0800000000000001
0.31
-0.26
0.339999999999998
-0.439999999999998
-0.380000000000001
-0.970000000000001
0.49
-0.0499999999999989
-0.850000000000001
-0.199999999999999
0.23
0.709999999999999
0.110000000000001
-0.530000000000001
0.0600000000000005
0.59
0.15
-0.120000000000001
0.0300000000000011
-0.74
-0.790000000000001
-0.359999999999999
0.199999999999999
-0.309999999999999
0.9
-0.120000000000001
-0.209999999999999
0.0599999999999987
-0.52
-0.57
0.0199999999999996
-0.159999999999998
0.19
-0.0500000000000007
0.0500000000000007
-0.300000000000001
0.120000000000001
0.119999999999999
0.140000000000001
-0.17
0.25
0.0700000000000003
0.0299999999999994
-0.130000000000001
-0.149999999999999
-0.210000000000001
0.0600000000000005
-0.220000000000001
0.0400000000000009
-0.0800000000000001
-0.700000000000001
0.460000000000001
0.0999999999999996
0.0199999999999996
0.15
-0.300000000000001
-0.469999999999999
0.609999999999999
0.18
0.00999999999999979
0.180000000000002
-0.57
-0.130000000000001
0.300000000000001
-0.550000000000001
-0.33
-0.119999999999999
0.209999999999999
-0.84
-0.23
-0.52
-0.119999999999999
0.119999999999999
0.210000000000001
-0.0899999999999999
0.229999999999999
-0.00999999999999979
0.0200000000000013
0.469999999999999
-0.390000000000001
-0.19
0.15
-0.16
0.0700000000000003
-0.0500000000000007
-0.17
0.0500000000000007
-0.290000000000001
-0.43
0.0700000000000003
0.0600000000000005
-0.19
-0.190000000000001
0.200000000000001
-0.0700000000000003
-0.0199999999999996
0.0999999999999996
0.119999999999999
-0.0499999999999989
0.359999999999999
-0.0999999999999996
-0.25
0.33
0.149999999999999
-0.299999999999999
-0.279999999999999
0.229999999999999
0.190000000000001
0.409999999999998
0.0600000000000005
-0.00999999999999979
0.16
-0.279999999999999
-0.34
0.19
-0.0999999999999996
-0.42
-0.25
-0.620000000000001
0.0600000000000005
0.0499999999999989
0.190000000000001
0.209999999999999
0.17
-0.32
-0.19
0.0500000000000007
0.359999999999999
-0.109999999999999
0.0499999999999989
0.140000000000001
-0.609999999999999
-0.0899999999999999
-0.27
0.499999999999999
-0.0999999999999996
0.0999999999999996
0.31
0.34
0.120000000000001
0.0499999999999989
-0.129999999999999
0.129999999999999
0.00999999999999979
-0.0499999999999989
-0.15
-0.619999999999999
0.5
-0.15
-0.380000000000001
-0.63
0.0200000000000005
-0.28
0.38
-0.04
0.89
-0.17
-0.129999999999999
-0.82
-0.11
0.0300000000000002
-0.34
0.18
0.13
0.0700000000000003
0
-0.100000000000001
0.0500000000000007
0.0299999999999994
-0.17
0
-0.13
-0.0800000000000001
-0.45
-0.54
-1.15
-0.24
-0.21
0.13
0.0300000000000002
0.04
0.109999999999999
-0.0699999999999994
0.51
0.00999999999999979
-0.35
-0.45
0.04
0.34
-0.13
0.25
0.00999999999999979
0.0800000000000001
0.140000000000001
-0.0500000000000007
0.180000000000001
-0.13
-0.16
-0.100000000000001
-0.38
0.3
-0.0299999999999994
0.279999999999999
-0.0199999999999996
-0.55
0.779999999999999
0.31
0.35
0.390000000000001
0.0499999999999998
0.0999999999999996
0.19
-0.69
0.0600000000000005
-0.25
-0.27
0.4
-0.00999999999999979
0
-0.260000000000001
0.0300000000000002
-0.3
0.34
0.29
0.51
0.11
-0.11
-0.24
-0.27
0.71
-0.46
0.33
0.0199999999999996
0.11
0.34
-0.25
-0.35
-0.0600000000000005
-0.00999999999999979
-0.37
0.26
0.100000000000001
0.359999999999999
-0.42
-0.449999999999999
0.88
0.56
-0.29
0
-0.23
0.68
0.2
0.0800000000000001
0.19
0.31
0.0700000000000003
-0.41
0.00999999999999979
-0.0800000000000001
0.0199999999999996
-0.00999999999999979
0.00999999999999979
0.0600000000000005
0.0199999999999996
-0.00999999999999979
-0.16
0.17
0.200000000000001
0.0799999999999983
-0.0199999999999996
0.24
0.0400000000000009
-0.41
0.219999999999999
0.23
0.41
0.0199999999999996
-0.129999999999999
-0.120000000000001
-0.779999999999999
-0.26
0.459999999999999
-0.0299999999999994
-0.79
-0.0700000000000003
0.0899999999999999
0.11
0.32
-0.44
-0.27
0.14
-0.0700000000000003
0.12
-0.21
-0.0199999999999996
0.31
0.15
0.42
-0.25
0
0.16
-0.140000000000001
1.5
0.00999999999999979
0.19
-0.33
-0.26
0.0800000000000001
0.109999999999999
0.32
-0.109999999999999
-0.300000000000001
-0.0800000000000001
0.0600000000000005
0.31
0.0800000000000001
-0.200000000000001
0.450000000000001
0.0499999999999989
-0.24
0.25
0
0.0700000000000003
0.57
-0.779999999999999
-0.5
0.16
-0.0300000000000011
-0.199999999999999
-0.59
-1.08
0.0499999999999998
0.19
0.0300000000000002
-0.27
-0.0100000000000007
0.42
-0.42
0.62
0.44
0.120000000000001
-0.24
0.109999999999999
0.0500000000000007
-0.640000000000001
0.27
-0.0600000000000005
-0.00999999999999979
0.46
0.279999999999999
-0.0199999999999996
0.49
0.26
-0.00999999999999979
-0.24
0.120000000000001
-0.00999999999999979
0.389999999999999
0.460000000000001
-1.12
0.790000000000001
-0.220000000000001
0.57
0.16
-0.120000000000001
-0.35
0.0899999999999999
-0.41
0.110000000000001
-0.25
-0.440000000000001
0.280000000000001
-0.26
-0.130000000000001
-0.42
0.120000000000001
-0.350000000000001
0.74
0.34
-0.26
-0.33
0.19
0.780000000000001
-0.359999999999999
-0.300000000000001
-0.0700000000000003
0.67
-0.98
-0.0499999999999989
-0.57
-0.13
0.569999999999999
-0.25
0.6
0.33
-1.17
-0.390000000000001
-0.0199999999999996
0.69
-0.4
-0.33
0.2
-0.62
-0.140000000000001
0.0100000000000007
-0.300000000000001
0.16
-0.23
-0.5
-0.51
0.119999999999999
-0.159999999999999
0.109999999999999
0.100000000000001
0.38
0.0899999999999999
-0.15
-0.18
0.0999999999999996
-0.21
-0.04
0.04
0.57
-0.22
0.00999999999999979
0.21
-0.78
-0.39
0.16
-0.0600000000000005
0.16
-0.39
-0.33
-0.0700000000000003
-0.14
0.14
-0.5
0.59
-0.0199999999999996
-0.28
0.65
0.04
0.0199999999999996
0.390000000000001
0.43
-0.49
0.17
-0.23
0.529999999999999
0.0800000000000001
-0.27
0.41
0.43
0.21
0.34
-0.42
0.0700000000000003
-0.19
0.720000000000001
-0.2
0.359999999999999
-0.26
0.36
0.33
-0.11
0.430000000000001
0.129999999999999
0.380000000000001
0.0399999999999991
0.25
0.290000000000001
-0.0800000000000001
-0.34
0.0899999999999999
0.109999999999999
-0.27
-0.300000000000001
0.0400000000000009
0.299999999999999
0.190000000000001
-0.25
-0.200000000000001
0.720000000000001
-0.23
0.109999999999999
0.190000000000001
-0.790000000000001
0.390000000000001
0.369999999999999
-0.34
0.66
0.300000000000001
0.119999999999999
-0.0299999999999994
-0.300000000000001
-0.33
0.210000000000001
0.32
-1.24
0.25
0.34
-1.46
-0.12
0.35
